{
 "cells": [
  {
   "cell_type": "code",
   "execution_count": 1,
   "metadata": {},
   "outputs": [
    {
     "name": "stderr",
     "output_type": "stream",
     "text": [
      "/opt/anaconda2/lib/python2.7/site-packages/sklearn/cross_validation.py:41: DeprecationWarning: This module was deprecated in version 0.18 in favor of the model_selection module into which all the refactored classes and functions are moved. Also note that the interface of the new CV iterators are different from that of this module. This module will be removed in 0.20.\n",
      "  \"This module will be removed in 0.20.\", DeprecationWarning)\n"
     ]
    }
   ],
   "source": [
    "import pandas as pd\n",
    "import numpy as np\n",
    "import math\n",
    "%matplotlib inline\n",
    "import matplotlib\n",
    "import matplotlib.pyplot as plt\n",
    "from sklearn.cross_validation import train_test_split\n",
    "import string\n",
    "import sys\n",
    "import struct\n",
    "import csv\n",
    "from ast import literal_eval\n",
    "from collections import defaultdict\n",
    "\n",
    "# Make the graphs a bit prettier, and bigger\n",
    "matplotlib.style.use('default')\n",
    "pd.set_option('display.max_colwidth', -1)\n",
    "\n",
    "# This is necessary to show lots of columns in pandas 0.12. \n",
    "# Not necessary in pandas 0.13.\n",
    "\n",
    "\n",
    "plt.rcParams['figure.figsize'] = (15, 5)\n",
    "arr = np.empty(33)"
   ]
  },
  {
   "cell_type": "code",
   "execution_count": 2,
   "metadata": {},
   "outputs": [],
   "source": [
    "labels = [\"creative_id\", \"country_code\", \"metro_code\", \"keyword_count\", \"kid\", \"kwt\", \"kbc\", \"domain_name\", \"browser_id\", \"device_id\", \"os_id\", \"url_category\", \"kwd_category_id\", \"view_id\", \"hour_id\", \"canonical_url_hash\", \"trim_url\", \"http_referer\", \"kwp\", \"weight\", \"keyword_impression\", \"kwd_click\", \"ad_click\", \"url_tot_imp\", \"url_tot_conv\", \"url_total_revenue\", \"kwd_tot_imp\", \"kwd_tot_conv\", \"kwd_total_revenue\", \"global_bucket_id\", \"external_call_bit\", \"stats_date\", \"chunk_no\"]"
   ]
  },
  {
   "cell_type": "code",
   "execution_count": 3,
   "metadata": {
    "scrolled": true
   },
   "outputs": [],
   "source": [
    "df= pd.read_csv(\"msn_complete_data.csv\", sep = ',', error_bad_lines=False, header=None, names = labels)"
   ]
  },
  {
   "cell_type": "code",
   "execution_count": 29,
   "metadata": {},
   "outputs": [
    {
     "data": {
      "text/plain": [
       "0.010536233599501814"
      ]
     },
     "execution_count": 29,
     "metadata": {},
     "output_type": "execute_result"
    }
   ],
   "source": [
    "df['url_tot_conv'].div(df['url_tot_imp'],axis=0).corr(df['kwd_click'])"
   ]
  },
  {
   "cell_type": "code",
   "execution_count": 28,
   "metadata": {},
   "outputs": [
    {
     "data": {
      "text/html": [
       "<div>\n",
       "<style scoped>\n",
       "    .dataframe tbody tr th:only-of-type {\n",
       "        vertical-align: middle;\n",
       "    }\n",
       "\n",
       "    .dataframe tbody tr th {\n",
       "        vertical-align: top;\n",
       "    }\n",
       "\n",
       "    .dataframe thead th {\n",
       "        text-align: right;\n",
       "    }\n",
       "</style>\n",
       "<table border=\"1\" class=\"dataframe\">\n",
       "  <thead>\n",
       "    <tr style=\"text-align: right;\">\n",
       "      <th></th>\n",
       "      <th>creative_id</th>\n",
       "      <th>metro_code</th>\n",
       "      <th>keyword_count</th>\n",
       "      <th>kid</th>\n",
       "      <th>kwt</th>\n",
       "      <th>browser_id</th>\n",
       "      <th>device_id</th>\n",
       "      <th>os_id</th>\n",
       "      <th>kwd_category_id</th>\n",
       "      <th>view_id</th>\n",
       "      <th>hour_id</th>\n",
       "      <th>kwp</th>\n",
       "      <th>weight</th>\n",
       "      <th>keyword_impression</th>\n",
       "      <th>kwd_click</th>\n",
       "      <th>ad_click</th>\n",
       "      <th>url_tot_imp</th>\n",
       "      <th>url_tot_conv</th>\n",
       "      <th>url_total_revenue</th>\n",
       "      <th>kwd_tot_imp</th>\n",
       "      <th>kwd_tot_conv</th>\n",
       "      <th>kwd_total_revenue</th>\n",
       "      <th>global_bucket_id</th>\n",
       "      <th>external_call_bit</th>\n",
       "      <th>stats_date</th>\n",
       "      <th>chunk_no</th>\n",
       "    </tr>\n",
       "  </thead>\n",
       "  <tbody>\n",
       "    <tr>\n",
       "      <th>creative_id</th>\n",
       "      <td>1.000000</td>\n",
       "      <td>-0.334003</td>\n",
       "      <td>-0.026832</td>\n",
       "      <td>-0.148922</td>\n",
       "      <td>-0.163673</td>\n",
       "      <td>-0.042497</td>\n",
       "      <td>0.015664</td>\n",
       "      <td>-0.017690</td>\n",
       "      <td>-0.152684</td>\n",
       "      <td>-0.024509</td>\n",
       "      <td>0.008354</td>\n",
       "      <td>-0.044750</td>\n",
       "      <td>-0.008912</td>\n",
       "      <td>-0.001744</td>\n",
       "      <td>-0.012681</td>\n",
       "      <td>-0.010792</td>\n",
       "      <td>-0.067049</td>\n",
       "      <td>-0.086777</td>\n",
       "      <td>-0.065471</td>\n",
       "      <td>0.208179</td>\n",
       "      <td>0.171713</td>\n",
       "      <td>0.232414</td>\n",
       "      <td>-0.340750</td>\n",
       "      <td>0.144485</td>\n",
       "      <td>-0.009974</td>\n",
       "      <td>NaN</td>\n",
       "    </tr>\n",
       "    <tr>\n",
       "      <th>metro_code</th>\n",
       "      <td>-0.334003</td>\n",
       "      <td>1.000000</td>\n",
       "      <td>0.035910</td>\n",
       "      <td>0.155134</td>\n",
       "      <td>0.089932</td>\n",
       "      <td>-0.028983</td>\n",
       "      <td>-0.019095</td>\n",
       "      <td>0.002423</td>\n",
       "      <td>0.163732</td>\n",
       "      <td>0.045449</td>\n",
       "      <td>-0.026690</td>\n",
       "      <td>-0.017296</td>\n",
       "      <td>0.009038</td>\n",
       "      <td>0.000869</td>\n",
       "      <td>0.002123</td>\n",
       "      <td>0.000957</td>\n",
       "      <td>-0.057206</td>\n",
       "      <td>-0.056969</td>\n",
       "      <td>-0.070692</td>\n",
       "      <td>-0.172313</td>\n",
       "      <td>-0.157186</td>\n",
       "      <td>-0.176921</td>\n",
       "      <td>0.346882</td>\n",
       "      <td>-0.141516</td>\n",
       "      <td>0.028820</td>\n",
       "      <td>NaN</td>\n",
       "    </tr>\n",
       "    <tr>\n",
       "      <th>keyword_count</th>\n",
       "      <td>-0.026832</td>\n",
       "      <td>0.035910</td>\n",
       "      <td>1.000000</td>\n",
       "      <td>-0.000478</td>\n",
       "      <td>-0.063410</td>\n",
       "      <td>0.038704</td>\n",
       "      <td>0.011814</td>\n",
       "      <td>-0.017187</td>\n",
       "      <td>-0.015984</td>\n",
       "      <td>-0.010166</td>\n",
       "      <td>0.010823</td>\n",
       "      <td>-0.057916</td>\n",
       "      <td>0.026858</td>\n",
       "      <td>0.014586</td>\n",
       "      <td>-0.074168</td>\n",
       "      <td>-0.066374</td>\n",
       "      <td>-0.262733</td>\n",
       "      <td>-0.227714</td>\n",
       "      <td>-0.260554</td>\n",
       "      <td>0.031309</td>\n",
       "      <td>-0.009827</td>\n",
       "      <td>0.017440</td>\n",
       "      <td>-0.014147</td>\n",
       "      <td>-0.017392</td>\n",
       "      <td>0.008199</td>\n",
       "      <td>NaN</td>\n",
       "    </tr>\n",
       "    <tr>\n",
       "      <th>kid</th>\n",
       "      <td>-0.148922</td>\n",
       "      <td>0.155134</td>\n",
       "      <td>-0.000478</td>\n",
       "      <td>1.000000</td>\n",
       "      <td>-0.030418</td>\n",
       "      <td>-0.019912</td>\n",
       "      <td>0.005501</td>\n",
       "      <td>-0.009530</td>\n",
       "      <td>0.152387</td>\n",
       "      <td>0.009091</td>\n",
       "      <td>-0.028191</td>\n",
       "      <td>0.002332</td>\n",
       "      <td>0.001625</td>\n",
       "      <td>0.001866</td>\n",
       "      <td>0.011817</td>\n",
       "      <td>0.001349</td>\n",
       "      <td>-0.005647</td>\n",
       "      <td>-0.009280</td>\n",
       "      <td>-0.004141</td>\n",
       "      <td>-0.127116</td>\n",
       "      <td>-0.084640</td>\n",
       "      <td>-0.129647</td>\n",
       "      <td>0.296983</td>\n",
       "      <td>-0.129450</td>\n",
       "      <td>0.006781</td>\n",
       "      <td>NaN</td>\n",
       "    </tr>\n",
       "    <tr>\n",
       "      <th>kwt</th>\n",
       "      <td>-0.163673</td>\n",
       "      <td>0.089932</td>\n",
       "      <td>-0.063410</td>\n",
       "      <td>-0.030418</td>\n",
       "      <td>1.000000</td>\n",
       "      <td>0.006028</td>\n",
       "      <td>0.003930</td>\n",
       "      <td>-0.005332</td>\n",
       "      <td>0.043517</td>\n",
       "      <td>-0.027936</td>\n",
       "      <td>-0.006016</td>\n",
       "      <td>0.011886</td>\n",
       "      <td>-0.001089</td>\n",
       "      <td>-0.001172</td>\n",
       "      <td>0.020937</td>\n",
       "      <td>0.022905</td>\n",
       "      <td>-0.029809</td>\n",
       "      <td>0.039842</td>\n",
       "      <td>-0.010844</td>\n",
       "      <td>-0.225548</td>\n",
       "      <td>-0.072145</td>\n",
       "      <td>-0.240087</td>\n",
       "      <td>-0.039583</td>\n",
       "      <td>-0.073855</td>\n",
       "      <td>-0.026919</td>\n",
       "      <td>NaN</td>\n",
       "    </tr>\n",
       "    <tr>\n",
       "      <th>browser_id</th>\n",
       "      <td>-0.042497</td>\n",
       "      <td>-0.028983</td>\n",
       "      <td>0.038704</td>\n",
       "      <td>-0.019912</td>\n",
       "      <td>0.006028</td>\n",
       "      <td>1.000000</td>\n",
       "      <td>0.132847</td>\n",
       "      <td>-0.110340</td>\n",
       "      <td>-0.006710</td>\n",
       "      <td>0.014677</td>\n",
       "      <td>0.081208</td>\n",
       "      <td>0.011163</td>\n",
       "      <td>0.000316</td>\n",
       "      <td>0.011543</td>\n",
       "      <td>-0.006925</td>\n",
       "      <td>-0.004332</td>\n",
       "      <td>-0.051428</td>\n",
       "      <td>-0.136441</td>\n",
       "      <td>-0.103177</td>\n",
       "      <td>0.010512</td>\n",
       "      <td>0.012076</td>\n",
       "      <td>0.005508</td>\n",
       "      <td>-0.032781</td>\n",
       "      <td>-0.026609</td>\n",
       "      <td>0.019002</td>\n",
       "      <td>NaN</td>\n",
       "    </tr>\n",
       "    <tr>\n",
       "      <th>device_id</th>\n",
       "      <td>0.015664</td>\n",
       "      <td>-0.019095</td>\n",
       "      <td>0.011814</td>\n",
       "      <td>0.005501</td>\n",
       "      <td>0.003930</td>\n",
       "      <td>0.132847</td>\n",
       "      <td>1.000000</td>\n",
       "      <td>-0.717168</td>\n",
       "      <td>0.023109</td>\n",
       "      <td>-0.005390</td>\n",
       "      <td>0.059815</td>\n",
       "      <td>0.009594</td>\n",
       "      <td>-0.015351</td>\n",
       "      <td>0.003315</td>\n",
       "      <td>-0.015017</td>\n",
       "      <td>0.001981</td>\n",
       "      <td>-0.092870</td>\n",
       "      <td>-0.048407</td>\n",
       "      <td>-0.079867</td>\n",
       "      <td>-0.011994</td>\n",
       "      <td>-0.017859</td>\n",
       "      <td>-0.010725</td>\n",
       "      <td>0.033540</td>\n",
       "      <td>0.004258</td>\n",
       "      <td>-0.000014</td>\n",
       "      <td>NaN</td>\n",
       "    </tr>\n",
       "    <tr>\n",
       "      <th>os_id</th>\n",
       "      <td>-0.017690</td>\n",
       "      <td>0.002423</td>\n",
       "      <td>-0.017187</td>\n",
       "      <td>-0.009530</td>\n",
       "      <td>-0.005332</td>\n",
       "      <td>-0.110340</td>\n",
       "      <td>-0.717168</td>\n",
       "      <td>1.000000</td>\n",
       "      <td>-0.023718</td>\n",
       "      <td>0.001592</td>\n",
       "      <td>-0.052388</td>\n",
       "      <td>-0.011303</td>\n",
       "      <td>0.015494</td>\n",
       "      <td>-0.003821</td>\n",
       "      <td>0.019200</td>\n",
       "      <td>-0.003142</td>\n",
       "      <td>0.121006</td>\n",
       "      <td>0.057144</td>\n",
       "      <td>0.096774</td>\n",
       "      <td>0.015639</td>\n",
       "      <td>0.020503</td>\n",
       "      <td>0.013799</td>\n",
       "      <td>-0.038328</td>\n",
       "      <td>-0.015353</td>\n",
       "      <td>-0.001798</td>\n",
       "      <td>NaN</td>\n",
       "    </tr>\n",
       "    <tr>\n",
       "      <th>kwd_category_id</th>\n",
       "      <td>-0.152684</td>\n",
       "      <td>0.163732</td>\n",
       "      <td>-0.015984</td>\n",
       "      <td>0.152387</td>\n",
       "      <td>0.043517</td>\n",
       "      <td>-0.006710</td>\n",
       "      <td>0.023109</td>\n",
       "      <td>-0.023718</td>\n",
       "      <td>1.000000</td>\n",
       "      <td>0.053474</td>\n",
       "      <td>-0.015043</td>\n",
       "      <td>-0.006205</td>\n",
       "      <td>-0.001921</td>\n",
       "      <td>0.002252</td>\n",
       "      <td>0.007434</td>\n",
       "      <td>0.003242</td>\n",
       "      <td>-0.011522</td>\n",
       "      <td>0.001327</td>\n",
       "      <td>-0.012389</td>\n",
       "      <td>-0.139809</td>\n",
       "      <td>-0.063579</td>\n",
       "      <td>-0.130107</td>\n",
       "      <td>0.245717</td>\n",
       "      <td>-0.117726</td>\n",
       "      <td>0.038743</td>\n",
       "      <td>NaN</td>\n",
       "    </tr>\n",
       "    <tr>\n",
       "      <th>view_id</th>\n",
       "      <td>-0.024509</td>\n",
       "      <td>0.045449</td>\n",
       "      <td>-0.010166</td>\n",
       "      <td>0.009091</td>\n",
       "      <td>-0.027936</td>\n",
       "      <td>0.014677</td>\n",
       "      <td>-0.005390</td>\n",
       "      <td>0.001592</td>\n",
       "      <td>0.053474</td>\n",
       "      <td>1.000000</td>\n",
       "      <td>0.035500</td>\n",
       "      <td>-0.023452</td>\n",
       "      <td>0.000514</td>\n",
       "      <td>0.003109</td>\n",
       "      <td>0.000892</td>\n",
       "      <td>0.000512</td>\n",
       "      <td>-0.020947</td>\n",
       "      <td>-0.033077</td>\n",
       "      <td>-0.010348</td>\n",
       "      <td>-0.036168</td>\n",
       "      <td>-0.014640</td>\n",
       "      <td>0.024764</td>\n",
       "      <td>-0.011131</td>\n",
       "      <td>0.040450</td>\n",
       "      <td>0.719452</td>\n",
       "      <td>NaN</td>\n",
       "    </tr>\n",
       "    <tr>\n",
       "      <th>hour_id</th>\n",
       "      <td>0.008354</td>\n",
       "      <td>-0.026690</td>\n",
       "      <td>0.010823</td>\n",
       "      <td>-0.028191</td>\n",
       "      <td>-0.006016</td>\n",
       "      <td>0.081208</td>\n",
       "      <td>0.059815</td>\n",
       "      <td>-0.052388</td>\n",
       "      <td>-0.015043</td>\n",
       "      <td>0.035500</td>\n",
       "      <td>1.000000</td>\n",
       "      <td>0.000907</td>\n",
       "      <td>-0.000994</td>\n",
       "      <td>-0.001723</td>\n",
       "      <td>-0.007382</td>\n",
       "      <td>-0.004047</td>\n",
       "      <td>0.005831</td>\n",
       "      <td>0.001754</td>\n",
       "      <td>-0.001008</td>\n",
       "      <td>0.013257</td>\n",
       "      <td>0.011811</td>\n",
       "      <td>0.007715</td>\n",
       "      <td>-0.032328</td>\n",
       "      <td>-0.005900</td>\n",
       "      <td>0.003321</td>\n",
       "      <td>NaN</td>\n",
       "    </tr>\n",
       "    <tr>\n",
       "      <th>kwp</th>\n",
       "      <td>-0.044750</td>\n",
       "      <td>-0.017296</td>\n",
       "      <td>-0.057916</td>\n",
       "      <td>0.002332</td>\n",
       "      <td>0.011886</td>\n",
       "      <td>0.011163</td>\n",
       "      <td>0.009594</td>\n",
       "      <td>-0.011303</td>\n",
       "      <td>-0.006205</td>\n",
       "      <td>-0.023452</td>\n",
       "      <td>0.000907</td>\n",
       "      <td>1.000000</td>\n",
       "      <td>0.080105</td>\n",
       "      <td>0.002321</td>\n",
       "      <td>0.004134</td>\n",
       "      <td>0.005121</td>\n",
       "      <td>-0.054719</td>\n",
       "      <td>-0.039732</td>\n",
       "      <td>-0.052293</td>\n",
       "      <td>-0.027535</td>\n",
       "      <td>-0.014255</td>\n",
       "      <td>-0.034983</td>\n",
       "      <td>-0.027669</td>\n",
       "      <td>0.001634</td>\n",
       "      <td>-0.017240</td>\n",
       "      <td>NaN</td>\n",
       "    </tr>\n",
       "    <tr>\n",
       "      <th>weight</th>\n",
       "      <td>-0.008912</td>\n",
       "      <td>0.009038</td>\n",
       "      <td>0.026858</td>\n",
       "      <td>0.001625</td>\n",
       "      <td>-0.001089</td>\n",
       "      <td>0.000316</td>\n",
       "      <td>-0.015351</td>\n",
       "      <td>0.015494</td>\n",
       "      <td>-0.001921</td>\n",
       "      <td>0.000514</td>\n",
       "      <td>-0.000994</td>\n",
       "      <td>0.080105</td>\n",
       "      <td>1.000000</td>\n",
       "      <td>0.000077</td>\n",
       "      <td>-0.030062</td>\n",
       "      <td>-0.025971</td>\n",
       "      <td>-0.003199</td>\n",
       "      <td>-0.004281</td>\n",
       "      <td>-0.003593</td>\n",
       "      <td>-0.011533</td>\n",
       "      <td>-0.011423</td>\n",
       "      <td>-0.008926</td>\n",
       "      <td>-0.002989</td>\n",
       "      <td>-0.003085</td>\n",
       "      <td>0.000415</td>\n",
       "      <td>NaN</td>\n",
       "    </tr>\n",
       "    <tr>\n",
       "      <th>keyword_impression</th>\n",
       "      <td>-0.001744</td>\n",
       "      <td>0.000869</td>\n",
       "      <td>0.014586</td>\n",
       "      <td>0.001866</td>\n",
       "      <td>-0.001172</td>\n",
       "      <td>0.011543</td>\n",
       "      <td>0.003315</td>\n",
       "      <td>-0.003821</td>\n",
       "      <td>0.002252</td>\n",
       "      <td>0.003109</td>\n",
       "      <td>-0.001723</td>\n",
       "      <td>0.002321</td>\n",
       "      <td>0.000077</td>\n",
       "      <td>1.000000</td>\n",
       "      <td>0.026256</td>\n",
       "      <td>0.020989</td>\n",
       "      <td>-0.001459</td>\n",
       "      <td>-0.002300</td>\n",
       "      <td>-0.001903</td>\n",
       "      <td>-0.000426</td>\n",
       "      <td>-0.001174</td>\n",
       "      <td>0.000242</td>\n",
       "      <td>-0.003865</td>\n",
       "      <td>0.001179</td>\n",
       "      <td>0.003123</td>\n",
       "      <td>NaN</td>\n",
       "    </tr>\n",
       "    <tr>\n",
       "      <th>kwd_click</th>\n",
       "      <td>-0.012681</td>\n",
       "      <td>0.002123</td>\n",
       "      <td>-0.074168</td>\n",
       "      <td>0.011817</td>\n",
       "      <td>0.020937</td>\n",
       "      <td>-0.006925</td>\n",
       "      <td>-0.015017</td>\n",
       "      <td>0.019200</td>\n",
       "      <td>0.007434</td>\n",
       "      <td>0.000892</td>\n",
       "      <td>-0.007382</td>\n",
       "      <td>0.004134</td>\n",
       "      <td>-0.030062</td>\n",
       "      <td>0.026256</td>\n",
       "      <td>1.000000</td>\n",
       "      <td>0.762279</td>\n",
       "      <td>0.053952</td>\n",
       "      <td>0.041551</td>\n",
       "      <td>0.050583</td>\n",
       "      <td>0.011308</td>\n",
       "      <td>0.075042</td>\n",
       "      <td>0.017452</td>\n",
       "      <td>0.005802</td>\n",
       "      <td>0.002212</td>\n",
       "      <td>-0.001384</td>\n",
       "      <td>NaN</td>\n",
       "    </tr>\n",
       "    <tr>\n",
       "      <th>ad_click</th>\n",
       "      <td>-0.010792</td>\n",
       "      <td>0.000957</td>\n",
       "      <td>-0.066374</td>\n",
       "      <td>0.001349</td>\n",
       "      <td>0.022905</td>\n",
       "      <td>-0.004332</td>\n",
       "      <td>0.001981</td>\n",
       "      <td>-0.003142</td>\n",
       "      <td>0.003242</td>\n",
       "      <td>0.000512</td>\n",
       "      <td>-0.004047</td>\n",
       "      <td>0.005121</td>\n",
       "      <td>-0.025971</td>\n",
       "      <td>0.020989</td>\n",
       "      <td>0.762279</td>\n",
       "      <td>1.000000</td>\n",
       "      <td>0.041365</td>\n",
       "      <td>0.035575</td>\n",
       "      <td>0.040713</td>\n",
       "      <td>0.000108</td>\n",
       "      <td>0.056889</td>\n",
       "      <td>0.003477</td>\n",
       "      <td>0.003954</td>\n",
       "      <td>0.004795</td>\n",
       "      <td>-0.000541</td>\n",
       "      <td>NaN</td>\n",
       "    </tr>\n",
       "    <tr>\n",
       "      <th>url_tot_imp</th>\n",
       "      <td>-0.067049</td>\n",
       "      <td>-0.057206</td>\n",
       "      <td>-0.262733</td>\n",
       "      <td>-0.005647</td>\n",
       "      <td>-0.029809</td>\n",
       "      <td>-0.051428</td>\n",
       "      <td>-0.092870</td>\n",
       "      <td>0.121006</td>\n",
       "      <td>-0.011522</td>\n",
       "      <td>-0.020947</td>\n",
       "      <td>0.005831</td>\n",
       "      <td>-0.054719</td>\n",
       "      <td>-0.003199</td>\n",
       "      <td>-0.001459</td>\n",
       "      <td>0.053952</td>\n",
       "      <td>0.041365</td>\n",
       "      <td>1.000000</td>\n",
       "      <td>0.829949</td>\n",
       "      <td>0.936852</td>\n",
       "      <td>0.036274</td>\n",
       "      <td>0.041092</td>\n",
       "      <td>0.030714</td>\n",
       "      <td>0.054057</td>\n",
       "      <td>0.030278</td>\n",
       "      <td>-0.017451</td>\n",
       "      <td>NaN</td>\n",
       "    </tr>\n",
       "    <tr>\n",
       "      <th>url_tot_conv</th>\n",
       "      <td>-0.086777</td>\n",
       "      <td>-0.056969</td>\n",
       "      <td>-0.227714</td>\n",
       "      <td>-0.009280</td>\n",
       "      <td>0.039842</td>\n",
       "      <td>-0.136441</td>\n",
       "      <td>-0.048407</td>\n",
       "      <td>0.057144</td>\n",
       "      <td>0.001327</td>\n",
       "      <td>-0.033077</td>\n",
       "      <td>0.001754</td>\n",
       "      <td>-0.039732</td>\n",
       "      <td>-0.004281</td>\n",
       "      <td>-0.002300</td>\n",
       "      <td>0.041551</td>\n",
       "      <td>0.035575</td>\n",
       "      <td>0.829949</td>\n",
       "      <td>1.000000</td>\n",
       "      <td>0.944126</td>\n",
       "      <td>-0.007536</td>\n",
       "      <td>0.028158</td>\n",
       "      <td>-0.007964</td>\n",
       "      <td>0.038618</td>\n",
       "      <td>0.029206</td>\n",
       "      <td>-0.041739</td>\n",
       "      <td>NaN</td>\n",
       "    </tr>\n",
       "    <tr>\n",
       "      <th>url_total_revenue</th>\n",
       "      <td>-0.065471</td>\n",
       "      <td>-0.070692</td>\n",
       "      <td>-0.260554</td>\n",
       "      <td>-0.004141</td>\n",
       "      <td>-0.010844</td>\n",
       "      <td>-0.103177</td>\n",
       "      <td>-0.079867</td>\n",
       "      <td>0.096774</td>\n",
       "      <td>-0.012389</td>\n",
       "      <td>-0.010348</td>\n",
       "      <td>-0.001008</td>\n",
       "      <td>-0.052293</td>\n",
       "      <td>-0.003593</td>\n",
       "      <td>-0.001903</td>\n",
       "      <td>0.050583</td>\n",
       "      <td>0.040713</td>\n",
       "      <td>0.936852</td>\n",
       "      <td>0.944126</td>\n",
       "      <td>1.000000</td>\n",
       "      <td>0.022397</td>\n",
       "      <td>0.034498</td>\n",
       "      <td>0.023074</td>\n",
       "      <td>0.036521</td>\n",
       "      <td>0.039088</td>\n",
       "      <td>-0.022985</td>\n",
       "      <td>NaN</td>\n",
       "    </tr>\n",
       "    <tr>\n",
       "      <th>kwd_tot_imp</th>\n",
       "      <td>0.208179</td>\n",
       "      <td>-0.172313</td>\n",
       "      <td>0.031309</td>\n",
       "      <td>-0.127116</td>\n",
       "      <td>-0.225548</td>\n",
       "      <td>0.010512</td>\n",
       "      <td>-0.011994</td>\n",
       "      <td>0.015639</td>\n",
       "      <td>-0.139809</td>\n",
       "      <td>-0.036168</td>\n",
       "      <td>0.013257</td>\n",
       "      <td>-0.027535</td>\n",
       "      <td>-0.011533</td>\n",
       "      <td>-0.000426</td>\n",
       "      <td>0.011308</td>\n",
       "      <td>0.000108</td>\n",
       "      <td>0.036274</td>\n",
       "      <td>-0.007536</td>\n",
       "      <td>0.022397</td>\n",
       "      <td>1.000000</td>\n",
       "      <td>0.812713</td>\n",
       "      <td>0.923316</td>\n",
       "      <td>-0.193573</td>\n",
       "      <td>0.074316</td>\n",
       "      <td>-0.029472</td>\n",
       "      <td>NaN</td>\n",
       "    </tr>\n",
       "    <tr>\n",
       "      <th>kwd_tot_conv</th>\n",
       "      <td>0.171713</td>\n",
       "      <td>-0.157186</td>\n",
       "      <td>-0.009827</td>\n",
       "      <td>-0.084640</td>\n",
       "      <td>-0.072145</td>\n",
       "      <td>0.012076</td>\n",
       "      <td>-0.017859</td>\n",
       "      <td>0.020503</td>\n",
       "      <td>-0.063579</td>\n",
       "      <td>-0.014640</td>\n",
       "      <td>0.011811</td>\n",
       "      <td>-0.014255</td>\n",
       "      <td>-0.011423</td>\n",
       "      <td>-0.001174</td>\n",
       "      <td>0.075042</td>\n",
       "      <td>0.056889</td>\n",
       "      <td>0.041092</td>\n",
       "      <td>0.028158</td>\n",
       "      <td>0.034498</td>\n",
       "      <td>0.812713</td>\n",
       "      <td>1.000000</td>\n",
       "      <td>0.823835</td>\n",
       "      <td>-0.176198</td>\n",
       "      <td>0.048557</td>\n",
       "      <td>-0.009356</td>\n",
       "      <td>NaN</td>\n",
       "    </tr>\n",
       "    <tr>\n",
       "      <th>kwd_total_revenue</th>\n",
       "      <td>0.232414</td>\n",
       "      <td>-0.176921</td>\n",
       "      <td>0.017440</td>\n",
       "      <td>-0.129647</td>\n",
       "      <td>-0.240087</td>\n",
       "      <td>0.005508</td>\n",
       "      <td>-0.010725</td>\n",
       "      <td>0.013799</td>\n",
       "      <td>-0.130107</td>\n",
       "      <td>0.024764</td>\n",
       "      <td>0.007715</td>\n",
       "      <td>-0.034983</td>\n",
       "      <td>-0.008926</td>\n",
       "      <td>0.000242</td>\n",
       "      <td>0.017452</td>\n",
       "      <td>0.003477</td>\n",
       "      <td>0.030714</td>\n",
       "      <td>-0.007964</td>\n",
       "      <td>0.023074</td>\n",
       "      <td>0.923316</td>\n",
       "      <td>0.823835</td>\n",
       "      <td>1.000000</td>\n",
       "      <td>-0.180614</td>\n",
       "      <td>0.070836</td>\n",
       "      <td>0.010129</td>\n",
       "      <td>NaN</td>\n",
       "    </tr>\n",
       "    <tr>\n",
       "      <th>global_bucket_id</th>\n",
       "      <td>-0.340750</td>\n",
       "      <td>0.346882</td>\n",
       "      <td>-0.014147</td>\n",
       "      <td>0.296983</td>\n",
       "      <td>-0.039583</td>\n",
       "      <td>-0.032781</td>\n",
       "      <td>0.033540</td>\n",
       "      <td>-0.038328</td>\n",
       "      <td>0.245717</td>\n",
       "      <td>-0.011131</td>\n",
       "      <td>-0.032328</td>\n",
       "      <td>-0.027669</td>\n",
       "      <td>-0.002989</td>\n",
       "      <td>-0.003865</td>\n",
       "      <td>0.005802</td>\n",
       "      <td>0.003954</td>\n",
       "      <td>0.054057</td>\n",
       "      <td>0.038618</td>\n",
       "      <td>0.036521</td>\n",
       "      <td>-0.193573</td>\n",
       "      <td>-0.176198</td>\n",
       "      <td>-0.180614</td>\n",
       "      <td>1.000000</td>\n",
       "      <td>-0.389103</td>\n",
       "      <td>-0.025987</td>\n",
       "      <td>NaN</td>\n",
       "    </tr>\n",
       "    <tr>\n",
       "      <th>external_call_bit</th>\n",
       "      <td>0.144485</td>\n",
       "      <td>-0.141516</td>\n",
       "      <td>-0.017392</td>\n",
       "      <td>-0.129450</td>\n",
       "      <td>-0.073855</td>\n",
       "      <td>-0.026609</td>\n",
       "      <td>0.004258</td>\n",
       "      <td>-0.015353</td>\n",
       "      <td>-0.117726</td>\n",
       "      <td>0.040450</td>\n",
       "      <td>-0.005900</td>\n",
       "      <td>0.001634</td>\n",
       "      <td>-0.003085</td>\n",
       "      <td>0.001179</td>\n",
       "      <td>0.002212</td>\n",
       "      <td>0.004795</td>\n",
       "      <td>0.030278</td>\n",
       "      <td>0.029206</td>\n",
       "      <td>0.039088</td>\n",
       "      <td>0.074316</td>\n",
       "      <td>0.048557</td>\n",
       "      <td>0.070836</td>\n",
       "      <td>-0.389103</td>\n",
       "      <td>1.000000</td>\n",
       "      <td>0.022822</td>\n",
       "      <td>NaN</td>\n",
       "    </tr>\n",
       "    <tr>\n",
       "      <th>stats_date</th>\n",
       "      <td>-0.009974</td>\n",
       "      <td>0.028820</td>\n",
       "      <td>0.008199</td>\n",
       "      <td>0.006781</td>\n",
       "      <td>-0.026919</td>\n",
       "      <td>0.019002</td>\n",
       "      <td>-0.000014</td>\n",
       "      <td>-0.001798</td>\n",
       "      <td>0.038743</td>\n",
       "      <td>0.719452</td>\n",
       "      <td>0.003321</td>\n",
       "      <td>-0.017240</td>\n",
       "      <td>0.000415</td>\n",
       "      <td>0.003123</td>\n",
       "      <td>-0.001384</td>\n",
       "      <td>-0.000541</td>\n",
       "      <td>-0.017451</td>\n",
       "      <td>-0.041739</td>\n",
       "      <td>-0.022985</td>\n",
       "      <td>-0.029472</td>\n",
       "      <td>-0.009356</td>\n",
       "      <td>0.010129</td>\n",
       "      <td>-0.025987</td>\n",
       "      <td>0.022822</td>\n",
       "      <td>1.000000</td>\n",
       "      <td>NaN</td>\n",
       "    </tr>\n",
       "    <tr>\n",
       "      <th>chunk_no</th>\n",
       "      <td>NaN</td>\n",
       "      <td>NaN</td>\n",
       "      <td>NaN</td>\n",
       "      <td>NaN</td>\n",
       "      <td>NaN</td>\n",
       "      <td>NaN</td>\n",
       "      <td>NaN</td>\n",
       "      <td>NaN</td>\n",
       "      <td>NaN</td>\n",
       "      <td>NaN</td>\n",
       "      <td>NaN</td>\n",
       "      <td>NaN</td>\n",
       "      <td>NaN</td>\n",
       "      <td>NaN</td>\n",
       "      <td>NaN</td>\n",
       "      <td>NaN</td>\n",
       "      <td>NaN</td>\n",
       "      <td>NaN</td>\n",
       "      <td>NaN</td>\n",
       "      <td>NaN</td>\n",
       "      <td>NaN</td>\n",
       "      <td>NaN</td>\n",
       "      <td>NaN</td>\n",
       "      <td>NaN</td>\n",
       "      <td>NaN</td>\n",
       "      <td>NaN</td>\n",
       "    </tr>\n",
       "  </tbody>\n",
       "</table>\n",
       "</div>"
      ],
      "text/plain": [
       "                    creative_id  metro_code  keyword_count       kid       kwt  browser_id  device_id     os_id  kwd_category_id   view_id   hour_id       kwp    weight  keyword_impression  kwd_click  ad_click  url_tot_imp  url_tot_conv  url_total_revenue  kwd_tot_imp  kwd_tot_conv  kwd_total_revenue  global_bucket_id  external_call_bit  stats_date  chunk_no\n",
       "creative_id            1.000000   -0.334003      -0.026832 -0.148922 -0.163673   -0.042497   0.015664 -0.017690        -0.152684 -0.024509  0.008354 -0.044750 -0.008912           -0.001744  -0.012681 -0.010792    -0.067049     -0.086777          -0.065471     0.208179      0.171713           0.232414         -0.340750           0.144485   -0.009974       NaN\n",
       "metro_code            -0.334003    1.000000       0.035910  0.155134  0.089932   -0.028983  -0.019095  0.002423         0.163732  0.045449 -0.026690 -0.017296  0.009038            0.000869   0.002123  0.000957    -0.057206     -0.056969          -0.070692    -0.172313     -0.157186          -0.176921          0.346882          -0.141516    0.028820       NaN\n",
       "keyword_count         -0.026832    0.035910       1.000000 -0.000478 -0.063410    0.038704   0.011814 -0.017187        -0.015984 -0.010166  0.010823 -0.057916  0.026858            0.014586  -0.074168 -0.066374    -0.262733     -0.227714          -0.260554     0.031309     -0.009827           0.017440         -0.014147          -0.017392    0.008199       NaN\n",
       "kid                   -0.148922    0.155134      -0.000478  1.000000 -0.030418   -0.019912   0.005501 -0.009530         0.152387  0.009091 -0.028191  0.002332  0.001625            0.001866   0.011817  0.001349    -0.005647     -0.009280          -0.004141    -0.127116     -0.084640          -0.129647          0.296983          -0.129450    0.006781       NaN\n",
       "kwt                   -0.163673    0.089932      -0.063410 -0.030418  1.000000    0.006028   0.003930 -0.005332         0.043517 -0.027936 -0.006016  0.011886 -0.001089           -0.001172   0.020937  0.022905    -0.029809      0.039842          -0.010844    -0.225548     -0.072145          -0.240087         -0.039583          -0.073855   -0.026919       NaN\n",
       "browser_id            -0.042497   -0.028983       0.038704 -0.019912  0.006028    1.000000   0.132847 -0.110340        -0.006710  0.014677  0.081208  0.011163  0.000316            0.011543  -0.006925 -0.004332    -0.051428     -0.136441          -0.103177     0.010512      0.012076           0.005508         -0.032781          -0.026609    0.019002       NaN\n",
       "device_id              0.015664   -0.019095       0.011814  0.005501  0.003930    0.132847   1.000000 -0.717168         0.023109 -0.005390  0.059815  0.009594 -0.015351            0.003315  -0.015017  0.001981    -0.092870     -0.048407          -0.079867    -0.011994     -0.017859          -0.010725          0.033540           0.004258   -0.000014       NaN\n",
       "os_id                 -0.017690    0.002423      -0.017187 -0.009530 -0.005332   -0.110340  -0.717168  1.000000        -0.023718  0.001592 -0.052388 -0.011303  0.015494           -0.003821   0.019200 -0.003142     0.121006      0.057144           0.096774     0.015639      0.020503           0.013799         -0.038328          -0.015353   -0.001798       NaN\n",
       "kwd_category_id       -0.152684    0.163732      -0.015984  0.152387  0.043517   -0.006710   0.023109 -0.023718         1.000000  0.053474 -0.015043 -0.006205 -0.001921            0.002252   0.007434  0.003242    -0.011522      0.001327          -0.012389    -0.139809     -0.063579          -0.130107          0.245717          -0.117726    0.038743       NaN\n",
       "view_id               -0.024509    0.045449      -0.010166  0.009091 -0.027936    0.014677  -0.005390  0.001592         0.053474  1.000000  0.035500 -0.023452  0.000514            0.003109   0.000892  0.000512    -0.020947     -0.033077          -0.010348    -0.036168     -0.014640           0.024764         -0.011131           0.040450    0.719452       NaN\n",
       "hour_id                0.008354   -0.026690       0.010823 -0.028191 -0.006016    0.081208   0.059815 -0.052388        -0.015043  0.035500  1.000000  0.000907 -0.000994           -0.001723  -0.007382 -0.004047     0.005831      0.001754          -0.001008     0.013257      0.011811           0.007715         -0.032328          -0.005900    0.003321       NaN\n",
       "kwp                   -0.044750   -0.017296      -0.057916  0.002332  0.011886    0.011163   0.009594 -0.011303        -0.006205 -0.023452  0.000907  1.000000  0.080105            0.002321   0.004134  0.005121    -0.054719     -0.039732          -0.052293    -0.027535     -0.014255          -0.034983         -0.027669           0.001634   -0.017240       NaN\n",
       "weight                -0.008912    0.009038       0.026858  0.001625 -0.001089    0.000316  -0.015351  0.015494        -0.001921  0.000514 -0.000994  0.080105  1.000000            0.000077  -0.030062 -0.025971    -0.003199     -0.004281          -0.003593    -0.011533     -0.011423          -0.008926         -0.002989          -0.003085    0.000415       NaN\n",
       "keyword_impression    -0.001744    0.000869       0.014586  0.001866 -0.001172    0.011543   0.003315 -0.003821         0.002252  0.003109 -0.001723  0.002321  0.000077            1.000000   0.026256  0.020989    -0.001459     -0.002300          -0.001903    -0.000426     -0.001174           0.000242         -0.003865           0.001179    0.003123       NaN\n",
       "kwd_click             -0.012681    0.002123      -0.074168  0.011817  0.020937   -0.006925  -0.015017  0.019200         0.007434  0.000892 -0.007382  0.004134 -0.030062            0.026256   1.000000  0.762279     0.053952      0.041551           0.050583     0.011308      0.075042           0.017452          0.005802           0.002212   -0.001384       NaN\n",
       "ad_click              -0.010792    0.000957      -0.066374  0.001349  0.022905   -0.004332   0.001981 -0.003142         0.003242  0.000512 -0.004047  0.005121 -0.025971            0.020989   0.762279  1.000000     0.041365      0.035575           0.040713     0.000108      0.056889           0.003477          0.003954           0.004795   -0.000541       NaN\n",
       "url_tot_imp           -0.067049   -0.057206      -0.262733 -0.005647 -0.029809   -0.051428  -0.092870  0.121006        -0.011522 -0.020947  0.005831 -0.054719 -0.003199           -0.001459   0.053952  0.041365     1.000000      0.829949           0.936852     0.036274      0.041092           0.030714          0.054057           0.030278   -0.017451       NaN\n",
       "url_tot_conv          -0.086777   -0.056969      -0.227714 -0.009280  0.039842   -0.136441  -0.048407  0.057144         0.001327 -0.033077  0.001754 -0.039732 -0.004281           -0.002300   0.041551  0.035575     0.829949      1.000000           0.944126    -0.007536      0.028158          -0.007964          0.038618           0.029206   -0.041739       NaN\n",
       "url_total_revenue     -0.065471   -0.070692      -0.260554 -0.004141 -0.010844   -0.103177  -0.079867  0.096774        -0.012389 -0.010348 -0.001008 -0.052293 -0.003593           -0.001903   0.050583  0.040713     0.936852      0.944126           1.000000     0.022397      0.034498           0.023074          0.036521           0.039088   -0.022985       NaN\n",
       "kwd_tot_imp            0.208179   -0.172313       0.031309 -0.127116 -0.225548    0.010512  -0.011994  0.015639        -0.139809 -0.036168  0.013257 -0.027535 -0.011533           -0.000426   0.011308  0.000108     0.036274     -0.007536           0.022397     1.000000      0.812713           0.923316         -0.193573           0.074316   -0.029472       NaN\n",
       "kwd_tot_conv           0.171713   -0.157186      -0.009827 -0.084640 -0.072145    0.012076  -0.017859  0.020503        -0.063579 -0.014640  0.011811 -0.014255 -0.011423           -0.001174   0.075042  0.056889     0.041092      0.028158           0.034498     0.812713      1.000000           0.823835         -0.176198           0.048557   -0.009356       NaN\n",
       "kwd_total_revenue      0.232414   -0.176921       0.017440 -0.129647 -0.240087    0.005508  -0.010725  0.013799        -0.130107  0.024764  0.007715 -0.034983 -0.008926            0.000242   0.017452  0.003477     0.030714     -0.007964           0.023074     0.923316      0.823835           1.000000         -0.180614           0.070836    0.010129       NaN\n",
